0.000000 0.000000 0.000000 0.000000 0.000000 0.000000 0.000000 0.000000 0.000000 
0.000000 0.000000 0.000000 0.000000 0.000000 0.000000 0.000000 0.000000 0.000000 
0.000000 0.000000 0.000000 0.000000 0.000000 0.000000 0.000000 0.000000 0.000000 
0.000000 0.000000 0.000000 0.000000 0.000000 0.000000 0.000000 0.000000 0.000000 
0.000000 0.000000 0.000000 0.000000 0.000000 0.000000 0.000000 0.000000 0.000000 
0.000000 0.000000 0.000000 0.000000 0.000000 0.000000 0.000000 0.000000 0.000000 
0.000000 0.000000 0.000000 0.000000 0.000000 0.000000 0.000000 0.000000 0.000000 
0.000000 0.000000 0.000000 0.000000 0.000000 0.000000 0.000000 0.000000 0.000000 
0.000000 0.000000 0.000000 0.000000 0.000000 0.000000 0.000000 0.000000 0.000000 
0.000000 0.000000 0.000000 0.000000 0.000000 0.000000 0.000000 0.000000 0.000000 
0.000000 0.000000 0.000000 0.000000 0.000000 0.000000 0.000000 0.000000 0.000000 
0.000000 0.000000 0.000000 0.000000 0.000000 0.000000 0.000000 0.000000 0.000000 
0.000000 0.000000 0.000000 0.000000 0.000000 0.000000 0.000000 0.000000 0.000000 
0.000000 0.000000 0.000000 0.000000 0.000000 0.000000 0.000000 0.000000 0.000000 
0.000000 0.000000 0.000000 0.000000 0.000000 0.000000 0.000000 0.000000 0.000000 
0.000000 0.000000 0.000000 0.000000 0.000000 0.000000 0.000000 0.000000 0.000000 
0.000000 0.000000 0.000000 0.000000 0.000000 0.000000 0.000000 0.000000 0.000000 
0.000000 0.000000 0.000000 0.000000 0.000000 0.000000 0.000000 0.000000 0.000000 
0.000000 0.000000 0.000000 0.000000 0.000000 0.000000 0.000000 0.000000 0.000000 
0.000000 0.000000 0.000000 0.000000 0.000000 0.000000 0.000000 0.000000 0.000000 
0.000000 0.000000 0.000000 0.000000 0.000000 0.000000 0.000000 0.000000 0.000000 
0.000000 0.000000 0.000000 0.000000 0.000000 0.000000 0.000000 0.000000 0.000000 
0.000000 0.000000 0.000000 0.000000 0.000000 0.000000 0.000000 0.000000 0.000000 
0.000000 0.000000 0.000000 0.000000 0.000000 0.000000 0.000000 0.000000 0.000000 
0.000000 0.000000 0.000000 0.000000 0.000000 0.000000 0.000000 0.000000 0.000000 
0.000000 0.000000 0.000000 0.000000 0.000000 0.000000 0.000000 0.000000 0.000000 
0.000000 0.000000 0.000000 0.000000 0.000000 0.000000 0.000000 0.000000 0.000000 
0.000000 0.000000 0.000000 0.000000 0.000000 0.000000 0.000000 0.000000 0.000000 
0.000000 0.000000 0.000000 0.000000 0.000000 0.000000 0.000000 0.000000 0.000000 
0.000000 0.000000 0.000000 0.000000 0.000000 0.000000 0.000000 0.000000 0.000000 
0.000000 0.000000 0.000000 0.000000 0.000000 0.000000 0.000000 0.000000 0.000000 
0.000000 0.000000 0.000000 0.000000 0.000000 0.000000 0.000000 0.000000 0.000000 
0.000000 0.000000 0.000000 0.000000 0.000000 0.000000 0.000000 0.000000 0.000000 
0.000000 0.000000 0.000000 0.000000 0.000000 0.000000 0.000000 0.000000 0.000000 
0.000000 0.000000 0.000000 0.000000 0.000000 0.000000 0.000000 0.000000 0.000000 
0.000000 0.000000 0.000000 0.000000 0.000000 0.000000 0.000000 0.000000 0.000000 
0.000000 0.000000 0.000000 0.000000 0.000000 0.000000 0.000000 0.000000 0.000000 
0.000000 0.000000 0.000000 0.000000 0.000000 0.000000 0.000000 0.000000 0.000000 
0.000000 0.000000 0.000000 0.000000 0.000000 0.000000 0.000000 0.000000 0.000000 
0.000000 0.000000 0.000000 0.000000 0.000000 0.000000 0.000000 0.000000 0.000000 
0.000000 0.000000 0.000000 0.000000 0.000000 0.000000 0.000000 0.000000 0.000000 
0.000000 0.000000 0.000000 0.000000 0.000000 0.000000 0.000000 0.000000 0.000000 
0.000000 0.000000 0.000000 0.000000 0.000000 0.000000 0.000000 0.000000 0.000000 
0.000000 0.000000 0.000000 0.000000 0.000000 0.000000 0.000000 0.000000 0.000000 
0.000000 0.000000 0.000000 0.000000 0.000000 0.000000 0.000000 0.000000 0.000000 
0.000000 0.000000 0.000000 0.000000 0.000000 0.000000 0.000000 0.000000 0.000000 
0.000000 0.000000 0.000000 0.000000 0.000000 0.000000 0.000000 0.000000 0.000000 
0.000000 0.000000 0.000000 0.000000 0.000000 0.000000 0.000000 0.000000 0.000000 
0.000000 0.000000 0.000000 0.000000 0.000000 0.000000 0.000000 0.000000 0.000000 
0.000000 0.000000 0.000000 0.000000 0.000000 0.000000 0.000000 0.000000 0.000000 
0.000000 0.000000 0.000000 0.000000 0.000000 0.000000 0.000000 0.000000 0.000000 
0.000000 0.000000 0.000000 0.000000 0.000000 0.000000 0.000000 0.000000 0.000000 
0.000000 0.000000 0.000000 0.000000 0.000000 0.000000 0.000000 0.000000 0.000000 
0.000000 0.000000 0.000000 0.000000 0.000000 0.000000 0.000000 0.000000 0.000000 
0.000000 0.000000 0.000000 0.000000 0.000000 0.000000 0.000000 0.000000 0.000000 
0.000000 0.000000 0.000000 0.000000 0.000000 0.000000 0.000000 0.000000 0.000000 
0.000000 0.000000 0.000000 0.000000 0.000000 0.000000 0.000000 0.000000 0.000000 
0.000000 0.000000 0.000000 0.000000 0.000000 0.000000 0.000000 0.000000 0.000000 
0.000000 0.000000 0.000000 0.000000 0.000000 0.000000 0.000000 0.000000 0.000000 
0.000000 0.000000 0.000000 0.000000 0.000000 0.000000 0.000000 0.000000 0.000000 
0.000000 0.000000 0.000000 0.000000 0.000000 0.000000 0.000000 0.000000 0.000000 
0.000000 0.000000 0.000000 0.000000 0.000000 0.000000 0.000000 0.000000 0.000000 
0.000000 0.000000 0.000000 0.000000 0.000000 0.000000 0.000000 0.000000 0.000000 
0.000000 0.000000 0.000000 0.000000 0.000000 0.000000 0.000000 0.000000 0.000000 
0.000000 0.000000 0.000000 0.000000 0.000000 0.000000 0.000000 0.000000 0.000000 
0.000000 0.000000 0.000000 0.000000 0.000000 0.000000 0.000000 0.000000 0.000000 
0.000000 0.000000 0.000000 0.000000 0.000000 0.000000 0.000000 0.000000 0.000000 
0.000000 0.000000 0.000000 0.000000 0.000000 0.000000 0.000000 0.000000 0.000000 
0.000000 0.000000 0.000000 0.000000 0.000000 0.000000 0.000000 0.000000 0.000000 
0.000000 0.000000 0.000000 0.000000 0.000000 0.000000 0.000000 0.000000 0.000000 
0.000000 0.000000 0.000000 0.000000 0.000000 0.000000 0.000000 0.000000 0.000000 
0.000000 0.000000 0.000000 0.000000 0.000000 0.000000 0.000000 0.000000 0.000000 
0.000000 0.000000 0.000000 0.000000 0.000000 0.000000 0.000000 0.000000 0.000000 
0.000000 0.000000 0.000000 0.000000 0.000000 0.000000 0.000000 0.000000 0.000000 
0.000000 0.000000 0.000000 0.000000 0.000000 0.000000 0.000000 0.000000 0.000000 
0.000000 0.000000 0.000000 0.000000 0.000000 0.000000 0.000000 0.000000 0.000000 
0.000000 0.000000 0.000000 0.000000 0.000000 0.000000 0.000000 0.000000 0.000000 
0.000000 0.000000 0.000000 0.000000 0.000000 0.000000 0.000000 0.000000 0.000000 
0.000000 0.000000 0.000000 0.000000 0.000000 0.000000 0.000000 0.000000 0.000000 
0.000000 0.000000 0.000000 0.000000 0.000000 0.000000 0.000000 0.000000 0.000000 
0.000000 0.000000 0.000000 0.000000 0.000000 0.000000 0.000000 0.000000 0.000000 
0.000000 0.000000 0.000000 0.000000 0.000000 0.000000 0.000000 0.000000 0.000000 
0.000000 0.000000 0.000000 0.000000 0.000000 0.000000 0.000000 0.000000 0.000000 
0.000000 0.000000 0.000000 0.000000 0.000000 0.000000 0.000000 0.000000 0.000000 
0.000000 0.000000 0.000000 0.000000 0.000000 0.000000 0.000000 0.000000 0.000000 
0.000000 0.000000 0.000000 0.000000 0.000000 0.000000 0.000000 0.000000 0.000000 
0.000000 0.000000 0.000000 0.000000 0.000000 0.000000 0.000000 0.000000 0.000000 
0.000000 0.000000 0.000000 0.000000 0.000000 0.000000 0.000000 0.000000 0.000000 
0.000000 0.000000 0.000000 0.000000 0.000000 0.000000 0.000000 0.000000 0.000000 
0.000000 0.000000 0.000000 0.000000 0.000000 0.000000 0.000000 0.000000 0.000000 
0.000000 0.000000 0.000000 0.000000 0.000000 0.000000 0.000000 0.000000 0.000000 
0.000000 0.000000 0.000000 0.000000 0.000000 0.000000 0.000000 0.000000 0.000000 
0.000000 0.000000 0.000000 0.000000 0.000000 0.000000 0.000000 0.000000 0.000000 
0.000000 0.000000 0.000000 0.000000 0.000000 0.000000 0.000000 0.000000 0.000000 
0.000000 0.000000 0.000000 0.000000 0.000000 0.000000 0.000000 0.000000 0.000000 
0.004230 0.000000 -0.000794 0.000000 -0.000031 0.000000 -0.001580 0.000000 0.000286 
0.004566 0.000000 -0.000806 0.000000 -0.000078 0.000000 -0.001645 0.000000 0.000263 
0.004858 0.000000 -0.000826 0.000000 -0.000128 0.000000 -0.001692 0.000000 0.000241 
0.005118 0.000000 -0.000851 0.000000 -0.000180 0.000000 -0.001727 0.000000 0.000220 
0.005352 0.000000 -0.000879 0.000000 -0.000234 0.000000 -0.001750 0.000000 0.000199 
0.005566 0.000000 -0.000910 0.000000 -0.000289 0.000000 -0.001765 0.000000 0.000179 
0.005764 0.000000 -0.000942 0.000000 -0.000346 0.000000 -0.001774 0.000000 0.000157 
0.005949 0.000000 -0.000976 0.000000 -0.000405 0.000000 -0.001776 0.000000 0.000135 
0.006125 0.000000 -0.001010 0.000000 -0.000465 0.000000 -0.001774 0.000000 0.000112 
0.006292 0.000000 -0.001044 0.000000 -0.000526 0.000000 -0.001767 0.000000 0.000089 
0.006452 0.000000 -0.001078 0.000000 -0.000588 0.000000 -0.001757 0.000000 0.000064 
0.006606 0.000000 -0.001112 0.000000 -0.000650 0.000000 -0.001744 0.000000 0.000038 
0.006757 0.000000 -0.001145 0.000000 -0.000714 0.000000 -0.001727 0.000000 0.000011 
0.006903 0.000000 -0.001178 0.000000 -0.000779 0.000000 -0.001708 0.000000 -0.000017 
0.007046 0.000000 -0.001210 0.000000 -0.000844 0.000000 -0.001687 0.000000 -0.000046 
0.007187 0.000000 -0.001241 0.000000 -0.000910 0.000000 -0.001663 0.000000 -0.000076 
0.007326 0.000000 -0.001271 0.000000 -0.000977 0.000000 -0.001637 0.000000 -0.000107 
0.007464 0.000000 -0.001301 0.000000 -0.001044 0.000000 -0.001609 0.000000 -0.000140 
0.007600 0.000000 -0.001329 0.000000 -0.001112 0.000000 -0.001578 0.000000 -0.000173 
0.007736 0.000000 -0.001357 0.000000 -0.001181 0.000000 -0.001546 0.000000 -0.000208 
0.007870 0.000000 -0.001383 0.000000 -0.001251 0.000000 -0.001512 0.000000 -0.000244 
0.008005 0.000000 -0.001408 0.000000 -0.001320 0.000000 -0.001476 0.000000 -0.000282 
0.008139 0.000000 -0.001432 0.000000 -0.001391 0.000000 -0.001439 0.000000 -0.000320 
0.008274 0.000000 -0.001455 0.000000 -0.001462 0.000000 -0.001399 0.000000 -0.000360 
0.008470 0.000000 -0.001378 0.000000 -0.001534 0.000000 -0.001327 0.000000 -0.000353 
0.008718 0.000000 -0.001213 0.000000 -0.001606 0.000000 -0.001226 0.000000 -0.000301 
0.008920 0.000000 -0.001119 0.000000 -0.001680 0.000000 -0.001143 0.000000 -0.000281 
0.009109 0.000000 -0.001042 0.000000 -0.001755 0.000000 -0.001063 0.000000 -0.000269 
0.009292 0.000000 -0.000974 0.000000 -0.001830 0.000000 -0.000983 0.000000 -0.000260 
0.009470 0.000000 -0.000911 0.000000 -0.001906 0.000000 -0.000902 0.000000 -0.000253 
0.009645 0.000000 -0.000850 0.000000 -0.001983 0.000000 -0.000820 0.000000 -0.000246 
0.009819 0.000000 -0.000790 0.000000 -0.002060 0.000000 -0.000736 0.000000 -0.000239 
0.009991 0.000000 -0.000732 0.000000 -0.002138 0.000000 -0.000650 0.000000 -0.000232 
0.010161 0.000000 -0.000673 0.000000 -0.002217 0.000000 -0.000561 0.000000 -0.000224 
0.010332 0.000000 -0.000615 0.000000 -0.002296 0.000000 -0.000470 0.000000 -0.000216 
0.010501 0.000000 -0.000556 0.000000 -0.002376 0.000000 -0.000377 0.000000 -0.000207 
0.010670 0.000000 -0.000498 0.000000 -0.002457 0.000000 -0.000281 0.000000 -0.000197 
0.010839 0.000000 -0.000438 0.000000 -0.002538 0.000000 -0.000182 0.000000 -0.000186 
0.011008 0.000000 -0.000378 0.000000 -0.002620 0.000000 -0.000081 0.000000 -0.000174 
0.011176 0.000000 -0.000318 0.000000 -0.002702 0.000000 0.000023 0.000000 -0.000161 
0.011345 0.000000 -0.000258 0.000000 -0.002785 0.000000 0.000130 0.000000 -0.000146 
0.011513 0.000000 -0.000197 0.000000 -0.002868 0.000000 0.000239 0.000000 -0.000131 
0.011682 0.000000 -0.000136 0.000000 -0.002952 0.000000 0.000351 0.000000 -0.000115 
0.011851 0.000000 -0.000074 0.000000 -0.003037 0.000000 0.000466 0.000000 -0.000098 
0.012021 0.000000 -0.000013 0.000000 -0.003122 0.000000 0.000584 0.000000 -0.000080 
0.012191 0.000000 0.000048 0.000000 -0.003207 0.000000 0.000704 0.000000 -0.000061 
0.012361 0.000000 0.000108 0.000000 -0.003293 0.000000 0.000827 0.000000 -0.000042 
0.012532 0.000000 0.000168 0.000000 -0.003380 0.000000 0.000952 0.000000 -0.000023 
0.012704 0.000000 0.000227 0.000000 -0.003467 0.000000 0.001080 0.000000 -0.000005 
0.012876 0.000000 0.000284 0.000000 -0.003555 0.000000 0.001210 0.000000 0.000013 
0.013050 0.000000 0.000340 0.000000 -0.003643 0.000000 0.001343 0.000000 0.000030 
0.013225 0.000000 0.000393 0.000000 -0.003732 0.000000 0.001477 0.000000 0.000045 
0.013401 0.000000 0.000444 0.000000 -0.003821 0.000000 0.001614 0.000000 0.000057 
0.013579 0.000000 0.000492 0.000000 -0.003911 0.000000 0.001752 0.000000 0.000065 
0.013759 0.000000 0.000537 0.000000 -0.004001 0.000000 0.001891 0.000000 0.000068 
0.013941 0.000000 0.000576 0.000000 -0.004092 0.000000 0.002031 0.000000 0.000065 
0.014126 0.000000 0.000611 0.000000 -0.004183 0.000000 0.002173 0.000000 0.000053 
0.014314 0.000000 0.000641 0.000000 -0.004275 0.000000 0.002314 0.000000 0.000029 
0.014506 0.000000 0.000663 0.000000 -0.004367 0.000000 0.002456 0.000000 -0.000009 
0.014702 0.000000 0.000679 0.000000 -0.004460 0.000000 0.002597 0.000000 -0.000064 
0.014902 0.000000 0.000688 0.000000 -0.004553 0.000000 0.002737 0.000000 -0.000143 
0.015109 0.000000 0.000688 0.000000 -0.004648 0.000000 0.002876 0.000000 -0.000252 
0.015323 0.000000 0.000681 0.000000 -0.004742 0.000000 0.003014 0.000000 -0.000398 
0.015544 0.000000 0.000667 0.000000 -0.004838 0.000000 0.003151 0.000000 -0.000594 
0.015774 0.000000 0.000649 0.000000 -0.004934 0.000000 0.003288 0.000000 -0.000855 
0.016015 0.000000 0.000631 0.000000 -0.005031 0.000000 0.003428 0.000000 -0.001208 
0.016266 0.000000 0.000626 0.000000 -0.005128 0.000000 0.003575 0.000000 -0.001655 
0.016529 0.000000 0.000660 0.000000 -0.005227 0.000000 0.003743 0.000000 -0.001710 
0.016813 0.000000 0.000823 0.000000 -0.005327 0.000000 0.003977 0.000000 -0.001218 
0.017741 0.000000 0.004361 0.000000 -0.005427 0.000000 0.005840 0.000000 0.007657 
0.016589 0.000000 -0.002101 0.000000 0.010805 0.000000 0.004511 0.000000 0.001416 
0.016558 0.000000 -0.003074 0.000000 0.010979 0.000000 0.004200 0.000000 0.000349 
0.016573 0.000000 -0.003859 0.000000 0.010970 0.000000 0.003953 0.000000 -0.000230 
0.016595 0.000000 -0.004606 0.000000 0.010935 0.000000 0.003716 0.000000 -0.000583 
0.016585 0.000000 -0.005415 0.000000 0.011082 0.000000 0.003461 0.000000 -0.000836 
0.016538 0.000000 -0.006240 0.000000 0.011450 0.000000 0.003214 0.000000 -0.000872 
0.016575 0.000000 -0.006877 0.000000 0.010948 0.000000 0.002966 0.000000 -0.000759 
0.016483 0.000000 -0.007711 0.000000 0.011217 0.000000 0.002696 0.000000 -0.000610 
0.016429 0.000000 -0.008402 0.000000 0.011069 0.000000 0.002450 0.000000 -0.000256 
0.016329 0.000000 -0.009084 0.000000 0.011078 0.000000 0.002221 0.000000 0.000233 
0.016209 0.000000 -0.009708 0.000000 0.011072 0.000000 0.002017 0.000000 0.000843 
0.016076 0.000000 -0.010253 0.000000 0.011037 0.000000 0.001847 0.000000 0.001568 
0.015927 0.000000 -0.010721 0.000000 0.011022 0.000000 0.001715 0.000000 0.002382 
0.015741 0.000000 -0.011156 0.000000 0.011108 0.000000 0.001609 0.000000 0.003194 
0.015567 0.000000 -0.011477 0.000000 0.011134 0.000000 0.001551 0.000000 0.004075 
0.015356 0.000000 -0.011746 0.000000 0.011329 0.000000 0.001535 0.000000 0.004974 
0.014971 0.000000 -0.012037 0.000000 0.012351 0.000000 0.001589 0.000000 0.006003 
0.015041 0.000000 -0.011982 0.000000 0.011328 0.000000 0.001603 0.000000 0.006711 
0.014903 0.000000 -0.012000 0.000000 0.011319 0.000000 0.001681 0.000000 0.007526 
0.014787 0.000000 -0.011959 0.000000 0.011286 0.000000 0.001780 0.000000 0.008292 
0.014713 0.000000 -0.011847 0.000000 0.011166 0.000000 0.001900 0.000000 0.009021 
0.014604 0.000000 -0.011750 0.000000 0.011226 0.000000 0.002026 0.000000 0.009667 
0.014440 0.000000 -0.011664 0.000000 0.011533 0.000000 0.002166 0.000000 0.010280 
0.014449 0.000000 -0.011457 0.000000 0.011285 0.000000 0.002303 0.000000 0.010807 
0.014443 0.000000 -0.011213 0.000000 0.011186 0.000000 0.002466 0.000000 0.011374 
0.014344 0.000000 -0.011104 0.000000 0.011359 0.000000 0.002585 0.000000 0.011732 
0.014269 0.000000 -0.010936 0.000000 0.011521 0.000000 0.002725 0.000000 0.012131 
0.014281 0.000000 -0.010724 0.000000 0.011439 0.000000 0.002855 0.000000 0.012472 
0.014375 0.000000 -0.010365 0.000000 0.011241 0.000000 0.003039 0.000000 0.012981 
0.014196 0.000000 -0.010368 0.000000 0.011691 0.000000 0.003109 0.000000 0.013071 
0.014362 0.000000 -0.010040 0.000000 0.011287 0.000000 0.003246 0.000000 0.013393 
0.014301 0.000000 -0.009947 0.000000 0.011460 0.000000 0.003322 0.000000 0.013501 
0.014361 0.000000 -0.009729 0.000000 0.011366 0.000000 0.003428 0.000000 0.013707 
0.014452 0.000000 -0.009363 0.000000 0.011319 0.000000 0.003604 0.000000 0.014154 
0.014201 0.000000 -0.009483 0.000000 0.011934 0.000000 0.003609 0.000000 0.014027 
0.014286 0.000000 -0.009297 0.000000 0.011781 0.000000 0.003680 0.000000 0.014128 
0.014356 0.000000 -0.009124 0.000000 0.011682 0.000000 0.003748 0.000000 0.014222 
0.014430 0.000000 -0.008953 0.000000 0.011584 0.000000 0.003810 0.000000 0.014307 
0.014512 0.000000 -0.008776 0.000000 0.011482 0.000000 0.003873 0.000000 0.014400 
0.014427 0.000000 -0.008698 0.000000 0.011772 0.000000 0.003925 0.000000 0.014463 
0.014603 0.000000 -0.008470 0.000000 0.011468 0.000000 0.003986 0.000000 0.014564 
0.014621 0.000000 -0.008368 0.000000 0.011508 0.000000 0.004019 0.000000 0.014583 
0.014216 0.000000 -0.008407 0.000000 0.012544 0.000000 0.004083 0.000000 0.014701 
0.014633 0.000000 -0.008172 0.000000 0.011647 0.000000 0.004083 0.000000 0.014632 
0.014629 0.000000 -0.008078 0.000000 0.011743 0.000000 0.004113 0.000000 0.014661 
0.014709 0.000000 -0.007951 0.000000 0.011652 0.000000 0.004138 0.000000 0.014683 
0.014623 0.000000 -0.007897 0.000000 0.011923 0.000000 0.004164 0.000000 0.014711 
0.014668 0.000000 -0.007796 0.000000 0.011901 0.000000 0.004182 0.000000 0.014720 
0.014826 0.000000 -0.007649 0.000000 0.011647 0.000000 0.004198 0.000000 0.014727 
0.014846 0.000000 -0.007569 0.000000 0.011680 0.000000 0.004210 0.000000 0.014729 
0.014645 0.000000 -0.007564 0.000000 0.012172 0.000000 0.004231 0.000000 0.014761 
0.014569 0.000000 -0.007508 0.000000 0.012401 0.000000 0.004250 0.000000 0.014788 
0.014901 0.000000 -0.007345 0.000000 0.011778 0.000000 0.004234 0.000000 0.014724 
0.014933 0.000000 -0.007269 0.000000 0.011780 0.000000 0.004239 0.000000 0.014720 
0.014789 0.000000 -0.007253 0.000000 0.012132 0.000000 0.004250 0.000000 0.014736 
0.014912 0.000000 -0.007159 0.000000 0.011944 0.000000 0.004244 0.000000 0.014709 
0.014764 0.000000 -0.007139 0.000000 0.012298 0.000000 0.004257 0.000000 0.014735 
0.015009 0.000000 -0.007016 0.000000 0.011872 0.000000 0.004241 0.000000 0.014685 
0.015033 0.000000 -0.006956 0.000000 0.011880 0.000000 0.004238 0.000000 0.014674 
0.014875 0.000000 -0.006950 0.000000 0.012235 0.000000 0.004244 0.000000 0.014688 
0.015060 0.000000 -0.006851 0.000000 0.011933 0.000000 0.004229 0.000000 0.014649 
0.015068 0.000000 -0.006803 0.000000 0.011967 0.000000 0.004223 0.000000 0.014636 
0.014744 0.000000 -0.006831 0.000000 0.012623 0.000000 0.004243 0.000000 0.014689 
0.015094 0.000000 -0.006708 0.000000 0.012011 0.000000 0.004209 0.000000 0.014607 
0.015122 0.000000 -0.006658 0.000000 0.012004 0.000000 0.004201 0.000000 0.014591 
0.014975 0.000000 -0.006654 0.000000 0.012313 0.000000 0.004202 0.000000 0.014601 
0.015216 0.000000 -0.006548 0.000000 0.011920 0.000000 0.004183 0.000000 0.014559 
0.015282 0.000000 -0.006479 0.000000 0.011851 0.000000 0.004178 0.000000 0.014556 
0.015276 0.000000 -0.006453 0.000000 0.011897 0.000000 0.004164 0.000000 0.014531 
0.015177 0.000000 -0.006457 0.000000 0.012100 0.000000 0.004153 0.000000 0.014512 
0.015328 0.000000 -0.006364 0.000000 0.011884 0.000000 0.004146 0.000000 0.014505 
0.015415 0.000000 -0.006236 0.000000 0.011811 0.000000 0.004170 0.000000 0.014571 
0.015396 0.000000 -0.006256 0.000000 0.011852 0.000000 0.004135 0.000000 0.014500 
0.015320 0.000000 -0.006285 0.000000 0.011990 0.000000 0.004106 0.000000 0.014443 
0.015012 0.000000 -0.006329 0.000000 0.012541 0.000000 0.004111 0.000000 0.014465 
0.015264 0.000000 -0.006247 0.000000 0.012142 0.000000 0.004082 0.000000 0.014411 
0.015309 0.000000 -0.006206 0.000000 0.012095 0.000000 0.004069 0.000000 0.014392 
0.015267 0.000000 -0.006191 0.000000 0.012191 0.000000 0.004058 0.000000 0.014379 
0.014869 0.000000 -0.006238 0.000000 0.012882 0.000000 0.004077 0.000000 0.014432 
0.015368 0.000000 -0.006111 0.000000 0.012079 0.000000 0.004031 0.000000 0.014342 
0.015490 0.000000 -0.006019 0.000000 0.011928 0.000000 0.004033 0.000000 0.014358 
0.014614 0.000000 -0.006198 0.000000 0.013364 0.000000 0.004065 0.000000 0.014435 
0.013295 0.000000 -0.006365 0.000000 0.015550 0.000000 0.004177 0.000000 0.014681 
0.015490 0.000000 -0.005968 0.000000 0.011991 0.000000 0.003986 0.000000 0.014291 
0.015361 0.000000 -0.005999 0.000000 0.012205 0.000000 0.003967 0.000000 0.014262 
0.015565 0.000000 -0.005862 0.000000 0.011941 0.000000 0.003982 0.000000 0.014302 
0.015258 0.000000 -0.005979 0.000000 0.012406 0.000000 0.003948 0.000000 0.014243 
0.015378 0.000000 -0.005931 0.000000 0.012237 0.000000 0.003929 0.000000 0.014215 
0.015402 0.000000 -0.005905 0.000000 0.012220 0.000000 0.003916 0.000000 0.014199 
0.015351 0.000000 -0.005898 0.000000 0.012315 0.000000 0.003905 0.000000 0.014188 
0.015101 0.000000 -0.005923 0.000000 0.012721 0.000000 0.003911 0.000000 0.014208 
0.015534 0.000000 -0.005803 0.000000 0.012081 0.000000 0.003881 0.000000 0.014161 
0.015265 0.000000 -0.005858 0.000000 0.012497 0.000000 0.003874 0.000000 0.014155 
0.015488 0.000000 -0.005788 0.000000 0.012177 0.000000 0.003853 0.000000 0.014125 
0.015594 0.000000 -0.005719 0.000000 0.012051 0.000000 0.003852 0.000000 0.014131 
0.015701 0.000000 -0.005568 0.000000 0.011965 0.000000 0.003894 0.000000 0.014218 
0.015717 0.000000 -0.005536 0.000000 0.011965 0.000000 0.003888 0.000000 0.014215 
0.015617 0.000000 -0.005661 0.000000 0.012065 0.000000 0.003817 0.000000 0.014091 
0.015525 0.000000 -0.005695 0.000000 0.012200 0.000000 0.003793 0.000000 0.014055 
0.015334 0.000000 -0.005726 0.000000 0.012489 0.000000 0.003786 0.000000 0.014051 
0.015636 0.000000 -0.005609 0.000000 0.012083 0.000000 0.003782 0.000000 0.014051 
0.015352 0.000000 -0.005692 0.000000 0.012488 0.000000 0.003762 0.000000 0.014023 
0.015559 0.000000 -0.005625 0.000000 0.012206 0.000000 0.003747 0.000000 0.014003 
0.015699 0.000000 -0.005512 0.000000 0.012053 0.000000 0.003766 0.000000 0.014044 
0.014986 0.000000 -0.005700 0.000000 0.013057 0.000000 0.003757 0.000000 0.014035 
0.015157 0.000000 -0.005663 0.000000 0.012816 0.000000 0.003732 0.000000 0.013998 
0.015100 0.000000 -0.005657 0.000000 0.012908 0.000000 0.003725 0.000000 0.013993 
0.014260 0.000000 -0.005739 0.000000 0.014141 0.000000 0.003791 0.000000 0.014110 
0.015647 0.000000 -0.005506 0.000000 0.012161 0.000000 0.003687 0.000000 0.013939 
0.015503 0.000000 -0.005548 0.000000 0.012361 0.000000 0.003669 0.000000 0.013915 
0.015136 0.000000 -0.005597 0.000000 0.012890 0.000000 0.003680 0.000000 0.013940 
0.015599 0.000000 -0.005494 0.000000 0.012253 0.000000 0.003649 0.000000 0.013894 
0.015155 0.000000 -0.005569 0.000000 0.012879 0.000000 0.003658 0.000000 0.013915 
0.015525 0.000000 -0.005493 0.000000 0.012370 0.000000 0.003627 0.000000 0.013869 
0.015696 0.000000 -0.005408 0.000000 0.012163 0.000000 0.003630 0.000000 0.013880 
0.014974 0.000000 -0.005553 0.000000 0.013156 0.000000 0.003643 0.000000 0.013905 
0.015298 0.000000 -0.005500 0.000000 0.012708 0.000000 0.003608 0.000000 0.013853 
0.015391 0.000000 -0.005473 0.000000 0.012588 0.000000 0.003592 0.000000 0.013834 
0.015410 0.000000 -0.005459 0.000000 0.012570 0.000000 0.003582 0.000000 0.013822 
0.015368 0.000000 -0.005454 0.000000 0.012634 0.000000 0.003575 0.000000 0.013815 
0.015233 0.000000 -0.005463 0.000000 0.012826 0.000000 0.003574 0.000000 0.013819 
0.014589 0.000000 -0.005521 0.000000 0.013724 0.000000 0.003621 0.000000 0.013893 
0.015681 0.000000 -0.005337 0.000000 0.012248 0.000000 0.003547 0.000000 0.013785 
0.015498 0.000000 -0.005386 0.000000 0.012488 0.000000 0.003532 0.000000 0.013767 
0.015037 0.000000 -0.005442 0.000000 0.013119 0.000000 0.003554 0.000000 0.013803 
0.015630 0.000000 -0.005329 0.000000 0.012332 0.000000 0.003515 0.000000 0.013749 
0.015218 0.000000 -0.005400 0.000000 0.012883 0.000000 0.003522 0.000000 0.013762 
0.015617 0.000000 -0.005314 0.000000 0.012363 0.000000 0.003497 0.000000 0.013729 
0.014823 0.000000 -0.005422 0.000000 0.013427 0.000000 0.003538 0.000000 0.013791 
0.015443 0.000000 -0.005336 0.000000 0.012601 0.000000 0.003483 0.000000 0.013715 
0.015645 0.000000 -0.005275 0.000000 0.012349 0.000000 0.003473 0.000000 0.013704 
0.015883 0.000000 -0.005070 0.000000 0.012117 0.000000 0.003535 0.000000 0.013794 
0.015046 0.000000 -0.005359 0.000000 0.013143 0.000000 0.003486 0.000000 0.013727 
0.015289 0.000000 -0.005321 0.000000 0.012826 0.000000 0.003459 0.000000 0.013693 
0.015289 0.000000 -0.005321 0.000000 0.012826 0.000000 0.003459 0.000000 0.013693 
